# List of file paths
file_paths <- c("/Users/alicjanowak/Downloads/GSE186458_RAW/GSM5652176_Adipocytes-Z000000T7.hg38.beta",
                 "/Users/alicjanowak/Downloads/GSE186458_RAW/GSM5652177_Adipocytes-Z000000T9.hg38.beta",
                 "/Users/alicjanowak/Downloads/GSE186458_RAW/GSM5652178_Adipocytes-Z000000T5.hg38.beta",
                 "/Users/alicjanowak/Downloads/GSE186458_RAW/GSM5652179_Aorta-Endothel-Z00000422.hg38.beta",
                 "/Users/alicjanowak/Downloads/GSE186458_RAW/GSM5652180_Aorta-Endothel-Z0000043G.hg38.beta",
                 "/Users/alicjanowak/Downloads/GSE186458_RAW/GSM5652181_Saphenous-Vein-Endothel-Z000000RM.hg38.beta",
                 "/Users/alicjanowak/Downloads/GSE186458_RAW/GSM5652182_Saphenous-Vein-Endothel-Z000000S7.hg38.beta",
                 "/Users/alicjanowak/Downloads/GSE186458_RAW/GSM5652183_Saphenous-Vein-Endothel-Z000000SB.hg38.beta",
                 "/Users/alicjanowak/Downloads/GSE186458_RAW/GSM5652184_Kidney-Glomerular-Endothel-Z000000Q5.hg38.beta",
                 "/Users/alicjanowak/Downloads/GSE186458_RAW/GSM5652185_Kidney-Glomerular-Endothel-Z00000443.hg38.beta",
                 "/Users/alicjanowak/Downloads/GSE186458_RAW/GSM5652186_Kidney-Glomerular-Endothel-Z0000045J.hg38.beta",
                 "/Users/alicjanowak/Downloads/GSE186458_RAW/GSM5652187_Kidney-Tubular-Endothel-Z000000PX.hg38.beta",
                 "/Users/alicjanowak/Downloads/GSE186458_RAW/GSM5652188_Kidney-Tubular-Endothel-Z000000Q3.hg38.beta",
                 "/Users/alicjanowak/Downloads/GSE186458_RAW/GSM5652189_Kidney-Tubular-Endothel-Z0000042R.hg38.beta",
                 "/Users/alicjanowak/Downloads/GSE186458_RAW/GSM5652190_Liver-Endothelium-Z000000RB.hg38.beta",
                 "/Users/alicjanowak/Downloads/GSE186458_RAW/GSM5652191_Lung-Alveolar-Endothel-Z000000Q1.hg38.beta",
                 "/Users/alicjanowak/Downloads/GSE186458_RAW/GSM5652192_Lung-Alveolar-Endothel-Z000000QK.hg38.beta",
                 "/Users/alicjanowak/Downloads/GSE186458_RAW/GSM5652193_Lung-Alveolar-Endothel-Z0000045H.hg38.beta",
                 "/Users/alicjanowak/Downloads/GSE186458_RAW/GSM5652194_Pancreas-Endothel-Z0000042D.hg38.beta",
                 "/Users/alicjanowak/Downloads/GSE186458_RAW/GSM5652195_Pancreas-Endothel-Z0000042X.hg38.beta",
                 "/Users/alicjanowak/Downloads/GSE186458_RAW/GSM5652196_Pancreas-Endothel-Z00000430.hg38.beta",
                 "/Users/alicjanowak/Downloads/GSE186458_RAW/GSM5652197_Pancreas-Islet-Endothel-Z0000042Y.hg38.beta",
                 "/Users/alicjanowak/Downloads/GSE186458_RAW/GSM5652198_Colon-Fibroblasts-Z0000042A.hg38.beta",
                 "/Users/alicjanowak/Downloads/GSE186458_RAW/GSM5652199_Colon-Fibroblasts-Z0000042C.hg38.beta",
                 "/Users/alicjanowak/Downloads/GSE186458_RAW/GSM5652200_Heart-Fibroblasts-Z0000043R.hg38.beta",
                 "/Users/alicjanowak/Downloads/GSE186458_RAW/GSM5652201_Heart-Fibroblasts-Z0000041V.hg38.beta",
                 "/Users/alicjanowak/Downloads/GSE186458_RAW/GSM5652202_Heart-Fibroblasts-Z0000041W.hg38.beta",
                 "/Users/alicjanowak/Downloads/GSE186458_RAW/GSM5652203_Heart-Fibroblasts-Z0000041X.hg38.beta",
                 "/Users/alicjanowak/Downloads/GSE186458_RAW/GSM5652204_Dermal-Fibroblasts-Z00000423.hg38.beta",
                 "/Users/alicjanowak/Downloads/GSE186458_RAW/GSM5652205_Skeletal-Muscle-Z00000427.hg38.beta",
                 "/Users/alicjanowak/Downloads/GSE186458_RAW/GSM5652206_Skeletal-Muscle-Z00000429.hg38.beta",
                 "/Users/alicjanowak/Downloads/GSE186458_RAW/GSM5652207_Aorta-Smooth-Muscle-Z0000041U.hg38.beta",
                 "/Users/alicjanowak/Downloads/GSE186458_RAW/GSM5652208_Coronary-Artery-Smooth-Muscle-Z00000420.hg38.beta",
                 "/Users/alicjanowak/Downloads/GSE186458_RAW/GSM5652209_Bladder-Smooth-Muscle-Z0000041Z.hg38.beta",
                 "/Users/alicjanowak/Downloads/GSE186458_RAW/GSM5652210_Prostate-Smooth-Muscle-Z0000041Y.hg38.beta",
                 "/Users/alicjanowak/Downloads/GSE186458_RAW/GSM5652211_Lung-Bronchus-Smooth-Muscle-Z00000421.hg38.beta",
                 "/Users/alicjanowak/Downloads/GSE186458_RAW/GSM5652212_Heart-Cardiomyocyte-Z0000044G.hg38.beta",
                 "/Users/alicjanowak/Downloads/GSE186458_RAW/GSM5652213_Heart-Cardiomyocyte-Z0000044K.hg38.beta",
                 "/Users/alicjanowak/Downloads/GSE186458_RAW/GSM5652214_Heart-Cardiomyocyte-Z0000044N.hg38.beta",
                 "/Users/alicjanowak/Downloads/GSE186458_RAW/GSM5652215_Heart-Cardiomyocyte-Z0000044P.hg38.beta",
                 "/Users/alicjanowak/Downloads/GSE186458_RAW/GSM5652216_Heart-Cardiomyocyte-Z0000044Q.hg38.beta",
                 "/Users/alicjanowak/Downloads/GSE186458_RAW/GSM5652217_Heart-Cardiomyocyte-Z0000044R.hg38.beta",
                 "/Users/alicjanowak/Downloads/GSE186458_RAW/GSM5652218_Bone-Osteoblasts-Z0000042Z.hg38.beta",
                 "/Users/alicjanowak/Downloads/GSE186458_RAW/GSM5652219_Oligodendrocytes-Z000000TK.hg38.beta",
                 "/Users/alicjanowak/Downloads/GSE186458_RAW/GSM5652220_Oligodendrocytes-Z0000042E.hg38.beta",
                 "/Users/alicjanowak/Downloads/GSE186458_RAW/GSM5652221_Oligodendrocytes-Z0000042L.hg38.beta",
                 "/Users/alicjanowak/Downloads/GSE186458_RAW/GSM5652222_Oligodendrocytes-Z0000042N.hg38.beta",
                 "/Users/alicjanowak/Downloads/GSE186458_RAW/GSM5652223_Cortex-Neuron-Z000000TF.hg38.beta",
                 "/Users/alicjanowak/Downloads/GSE186458_RAW/GSM5652224_Neuron-Z000000TH.hg38.beta",
                 "/Users/alicjanowak/Downloads/GSE186458_RAW/GSM5652225_Cortex-Neuron-Z0000042F.hg38.beta",
                 "/Users/alicjanowak/Downloads/GSE186458_RAW/GSM5652226_Cortex-Neuron-Z0000042H.hg38.beta",
                 "/Users/alicjanowak/Downloads/GSE186458_RAW/GSM5652227_Cortex-Neuron-Z0000042J.hg38.beta",
                 "/Users/alicjanowak/Downloads/GSE186458_RAW/GSM5652228_Cortex-Neuron-Z0000042M.hg38.beta",
                 "/Users/alicjanowak/Downloads/GSE186458_RAW/GSM5652229_Cortex-Neuron-Z0000042P.hg38.beta",
                 "/Users/alicjanowak/Downloads/GSE186458_RAW/GSM5652230_Cortex-Neuron-Z0000042K.hg38.beta",
                 "/Users/alicjanowak/Downloads/GSE186458_RAW/GSM5652231_Cerebellum-Neuron-Z000000TB.hg38.beta",
                 "/Users/alicjanowak/Downloads/GSE186458_RAW/GSM5652232_Cortex-Neuron-Z000000TD.hg38.beta",
                 "/Users/alicjanowak/Downloads/GSE186458_RAW/GSM5652233_Liver-Hepatocytes-Z000000R3.hg38.beta",
                 "/Users/alicjanowak/Downloads/GSE186458_RAW/GSM5652234_Liver-Hepatocytes-Z000000T3.hg38.beta",
                 "/Users/alicjanowak/Downloads/GSE186458_RAW/GSM5652235_Liver-Hepatocytes-Z0000043Q.hg38.beta",
                 "/Users/alicjanowak/Downloads/GSE186458_RAW/GSM5652236_Liver-Hepatocytes-Z0000044H.hg38.beta",
                 "/Users/alicjanowak/Downloads/GSE186458_RAW/GSM5652237_Liver-Hepatocytes-Z0000044M.hg38.beta",
                 "/Users/alicjanowak/Downloads/GSE186458_RAW/GSM5652238_Liver-Hepatocytes-Z00000431.hg38.beta",
                 "/Users/alicjanowak/Downloads/GSE186458_RAW/GSM5652239_Pancreas-Duct-Z0000043T.hg38.beta",
                 "/Users/alicjanowak/Downloads/GSE186458_RAW/GSM5652240_Pancreas-Duct-Z0000043U.hg38.beta",
                 "/Users/alicjanowak/Downloads/GSE186458_RAW/GSM5652241_Pancreas-Duct-Z0000043V.hg38.beta",
                 "/Users/alicjanowak/Downloads/GSE186458_RAW/GSM5652242_Pancreas-Duct-Z000000QZ.hg38.beta",
                 "/Users/alicjanowak/Downloads/GSE186458_RAW/GSM5652243_Pancreas-Acinar-Z000000QX.hg38.beta",
                 "/Users/alicjanowak/Downloads/GSE186458_RAW/GSM5652244_Pancreas-Acinar-Z0000043W.hg38.beta",
                 "/Users/alicjanowak/Downloads/GSE186458_RAW/GSM5652245_Pancreas-Acinar-Z0000043X.hg38.beta",
                 "/Users/alicjanowak/Downloads/GSE186458_RAW/GSM5652246_Pancreas-Acinar-Z0000043Y.hg38.beta",
